image: map5.pgm
resolution: 0.050000
origin: [-3.094772, -25.400903, 0.000000]
negate: 0
occupied_thresh: 0.65
free_thresh: 0.196

