image: my_map6.pgm
resolution: 0.050000
origin: [-4.533510, -23.914017, 0.000000]
negate: 0
occupied_thresh: 0.65
free_thresh: 0.196

