image: my_map8.pgm
resolution: 0.050000
origin: [-1.724215, -23.364613, 0.000000]
negate: 0
occupied_thresh: 0.65
free_thresh: 0.196

